JCPEXU 1207 92 78 64 87 95
GVTIWY 4935 56 89 75 60 83
HKPMIZ 2674 70 92 81 49 72
LRZVAF 6112 84 68 97 53 88
ZXQJCD 7856 93 71 82 65 76
OFRBYG 2439 62 85 79 71 94
NXYMBE 5476 79 96 67 80 58
TPURVS 3684 88 54 93 76 69
QMKSBL 1892 75 60 88 92 63
KFDJRP 4291 61 77 70 95 81
XWGVUZ 5736 87 82 65 72 90
UOAYHT 3158 80 73 96 68 79
LQJBOZ 8341 55 68 84 93 71
DZIHQV 1567 72 94 77 85 59
EKHSJP 7012 67 83 59 94 78
MBGAFU 4823 91 76 72 66 83
YTVZMC 2498 78 91 73 55 97
XKOQYR 5694 76 95 69 84 66
PRCUOX 3326 89 62 98 79 74
BJWZLF 1571 63 86 71 58 85
RVWZEP 6984 60 79 94 61 89
QJVMYZ 4175 94 74 60 81 88
UQOFYP 9025 71 68 94 63 76
WOQRAZ 3481 62 84 56 72 97
YLFGZB 6259 85 79 67 92 73
RKJPOU 7493 73 85 61 78 90
JHCBWG 1845 89 93 78 62 70
MVRATX 5786 66 72 89 75 80
YKWTEH 4125 98 63 84 77 69
NRMSWJ 2379 87 75 91 68 54
ZTDVJG 6952 59 80 74 92 65
ACQKHS 1874 83 66 92 74 57
OXFDKP 5023 72 59 96 80 65
IHMVZX 3461 68 91 77 84 60
NWYUOS 6514 95 71 82 64 79
THUSPG 8321 63 78 85 91 72
AJOEKC 4698 76 92 65 84 58
ZEVQGK 1057 88 67 75 94 61
LKASGQ 5732 74 60 86 92 78
DTGHIQ 2046 92 77 68 83 59
FZMOTG 7361 69 85 72 94 80
HIKWMJ 6213 57 94 68 89 76
KBCQYU 3798 78 63 87 70 95
UZPQTL 8952 90 71 64 82 79
MZNYOR 7549 67 84 73 58 91
KVMYTL 2493 84 76 91 59 70
YJNKET 6184 62 79 68 92 85
QZCXYH 4275 95 73 81 60 87
OLYCHW 3619 89 67 76 70 93
XMVQHL 5972 77 92 69 83 60
ZXOTLD 8124 65 88 73 79 96
HGFWXU 4753 73 89 54 81 92
IEXNCS 1386 80 94 76 68 87
PVSUZQ 3098 69 82 74 96 61
GKVOWS 8532 91 63 78 57 84
BJYMTQ 5826 82 71 96 59 73
KSDTWX 9273 75 85 61 89 67
CZGRQK 2497 69 73 82 91 68
DCVSJF 7136 97 76 88 61 74
ROBXJI 3851 85 63 71 94 79
PZNTLA 1964 73 91 59 87 82
KJODGN 4376 89 70 96 65 78
LVHMSR 6487 74 86 69 83 75
MDFZLY 7541 68 77 91 62 85
IUKHQB 3897 86 75 69 78 94
XQYFVZ 9123 80 92 67 75 83
